0.988927825355
0.96999753176
0.960582906887
0.954460495219
0.951605151563
0.946387696536
0.943604997082
0.938646472534
0.939913302459
0.935762687632
0.936091779564
0.933856632917
0.934398606948
0.932145441643
0.933634167378
0.933627398231
0.930336154642
0.933767229087
0.931439159611
0.931512164987
1.06270784999
0.934611429905
0.920543555575
0.910584754315
0.901013262513
0.892983463882
0.883164777515
0.875864715092
0.868292346474
0.862277614002
0.856310640838
0.850839750696
0.845759252891
0.841632178783
0.837444908559
0.833814341063
0.830536182896
0.827865459199
0.824522139014
0.822349727441
