1.00379729745
0.982795008505
0.973757922615
0.968642206717
0.965378418406
0.963144049225
0.961532831769
0.960321966063
0.959370545617
0.958580141851
0.957871603224
0.957166951221
0.956378963702
0.955405921908
0.954133267626
0.952459044306
0.950345412181
0.947875109616
0.945247295896
0.942691010485
0.940372125145
0.938355949771
0.936615939991
0.935094663149
0.933732019925
0.932484863555
0.93131887671
0.93021960038
0.929195291333
0.928251089008
0.927385135223
0.926603443397
0.925918481906
0.925338053419
0.92486640705
0.924505109322
0.924251735499
0.924101426309
0.924045540694
0.924074391332
0.924171279237
0.924334058842
0.924554780602
0.924820741289
0.925123783496
0.925453266237
0.925802794265
0.92616706728
0.926540184994
0.926916747082
0.927294773758
0.927673218743
0.928051294738
0.928427527971
0.928798580666
0.929167855813
0.968319743872
0.944438492944
0.93405769122
0.928214719411
0.924505993484
0.92196219182
0.92010213328
0.91865853696
0.917463444919
0.916393609054
0.915338583013
0.914181889729
0.91278349205
0.910975034173
0.908577342768
0.905452313924
0.901609021414
0.897253763167
0.892741271953
0.888387826552
0.884347014418
0.880613422744
0.877093403047
0.873666998118
0.870226674012
0.866697013958
0.863035391597
0.859227630962
0.855287606102
0.851247583928
0.847154165115
0.843059377379
0.839019038069
0.83508306848
0.831288625398
0.827659367511
0.824207944567
0.820938408207
0.817851749574
0.81494568086
0.812216789229
0.809662399596
0.807277790479
0.805056032565
0.802987770618
0.801064476885
0.799276664837
0.797613763856
0.796065596034
0.794622454315
0.793275009601
0.792014510097
0.790833682236
0.789725230116
0.7886827017
0.787700555982
