1.08965435377
1.08968707676
1.08658342472
1.0845811488
1.08209813897
1.0791454968
1.07645680882
1.07298924854
1.06894899894
1.06529007816
1.06100343017
1.056784582
1.05251138712
1.04742210418
1.04140409625
1.03681575643
1.03338951289
1.02701370185
1.02215324712
1.01854837506
1.01559536419
1.01268268509
1.00881418576
1.0067772613
1.00509676857
1.00358589592
1.00204859993
1.00009412569
0.998176201112
0.996353719653
0.994578650294
0.99300737272
0.991706570893
0.990118561511
0.988536523858
0.987081308959
0.98590267944
0.984996259556
0.984032080437
0.983266178383
0.982544699872
0.981500570947
0.980474595094
0.979441625909
0.978549455742
0.977793931545
1.08605375926
1.08054642554
1.07251258796
1.06716134995
1.06208272859
1.05718722321
1.05300956348
1.04863679884
1.04384320951
1.03890695582
1.03265478462
1.02685699754
1.021611679
1.01631191986
1.00964847652
1.00461017602
1.00066144956
0.99467565117
0.989772890248
0.985286591065
0.980949492144
0.976977710591
0.97242372563
0.970020884246
0.968000535236
0.965906552559
0.963751881777
0.961198587142
0.9586030443
0.956189091552
0.95400931371
0.952095536194
0.95025620351
0.948380957274
0.94660046754
0.944898602345
0.943483095086
0.942334895972
0.940742362525
0.939483782993
0.938383298419
0.937226292117
0.936134301874
0.935059608863
0.934046678046
0.933138429762
